9914241
1.55
99
1171804
1.80
63
1796075
1.64
85
8063047
1.55
108
3121791
1.44
100
5237983
1.81
83
1729121
1.68
78
4917365
1.71
111
6360313
1.55
36
4967085
1.48
71
2946915
1.82
37
6113163
1.57
47
1490952
1.91
39
1313633
1.85
113
5441232
1.50
79
5155498
2.00
41
4048656
1.66
65
1819880
1.97
94
9738941
1.66
92
5139218
1.90
99
3898631
1.47
39
4397841
1.89
71
9158190
1.87
92
6440697
1.73
59
7476838
1.85
63
4389453
1.95
91
4930797
1.66
95
7145312
1.55
120
6982079
1.63
38
8910971
1.99
68
2879982
1.67
71
9015125
1.97
46
5436741
1.62
67
6041853
1.74
49
8731721
1.86
93
4531055
1.99
63
1560597
2.00
97
5589509
1.62
35
5205843
1.50
102
7117699
1.41
88
2336517
1.53
111
7393149
1.48
95
8802605
1.74
33
1118469
1.77
30
5411180
1.87
108
9438585
1.98
40
4026229
1.90
34
3824672
1.82
79
6351972
1.86
76
5688023
1.45
104
3694414
1.56
45
2600670
1.40
30
3939887
1.54
116
9855815
1.45
31
5939442
1.73
70
6973429
1.59
47
5170937
1.47
60
2106661
1.41
114
9116640
1.71
36
6143861
1.97
50
1726392
1.77
43
6026945
1.70
91
4839598
1.41
73
3359346
1.75
38
3824287
1.85
48
