Tarefa1 1 3 2 3 4 4 4 0 5 5 2 -1
Tarefa2 1 2 2 4 5 0 0 2 0 0 4 2 3 -1
Tarefa3 2 5 5 5 0 0 1 2 4 1 1 0 5 5 -1
Tarefa4 0 1 0 1 5 2 4 4 -1
Tarefa5 0 1 4 2 4 5 1 4 5 2 -1
Tarefa6 0 4 4 3 2 1 4 3 0 -1
Tarefa7 0 2 5 3 2 1 0 3 5 0 1 5 -1
Tarefa8 2 3 4 3 0 0 4 4 2 3 5 3 4 1 0 0 -1
Tarefa9 1 5 0 1 1 3 0 1 0 4 0 1 1 -1
Tarefa10 4 4 1 4 5 2 5 0 3 0 -1
Tarefa11 5 2 2 4 0 4 1 4 3 2 5 2 -1
Tarefa12 5 4 2 0 1 1 0 5 4 4 3 4 1 5 0 3 -1
Tarefa13 4 0 2 5 0 4 0 4 0 1 0 1 4 -1
Tarefa14 5 2 3 2 4 1 2 0 5 2 4 2 3 -1
Tarefa15 4 3 4 1 5 0 5 -1